shape_id,shape_pt_lat,shape_pt_lon,shape_pt_sequence
RLE_NB,41.6585,-87.5918,1
RLE_NB,41.658551,-87.591825,2
RLE_NB,41.658673,-87.592144,3
RLE_NB,41.658786,-87.592408,4
RLE_NB,41.658948,-87.592741,5
RLE_NB,41.659117,-87.593055,6
RLE_NB,41.659289,-87.593335,7
RLE_NB,41.65944,-87.59356,8
RLE_NB,41.659593,-87.593778,9
RLE_NB,41.659743,-87.593971,10
RLE_NB,41.65988,-87.594129,11
RLE_NB,41.660094,-87.594367,12
RLE_NB,41.660285,-87.594559,13
RLE_NB,41.660483,-87.594744,14
RLE_NB,41.660724,-87.59496,15
RLE_NB,41.660873,-87.595089,16
RLE_NB,41.661021,-87.595219,17
RLE_NB,41.66117,-87.595348,18
RLE_NB,41.661318,-87.595478,19
RLE_NB,41.661467,-87.595607,20
RLE_NB,41.661607,-87.595726,21
RLE_NB,41.661746,-87.595845,22
RLE_NB,41.661886,-87.595964,23
RLE_NB,41.662025,-87.596083,24
RLE_NB,41.662165,-87.596202,25
RLE_NB,41.662301,-87.59632,26
RLE_NB,41.662438,-87.596437,27
RLE_NB,41.662574,-87.596555,28
RLE_NB,41.66271,-87.596673,29
RLE_NB,41.662847,-87.59679,30
RLE_NB,41.662983,-87.596908,31
RLE_NB,41.663134,-87.59704,32
RLE_NB,41.663286,-87.597172,33
RLE_NB,41.663437,-87.597304,34
RLE_NB,41.663588,-87.597435,35
RLE_NB,41.66374,-87.597567,36
RLE_NB,41.663891,-87.597699,37
RLE_NB,41.664049,-87.597836,38
RLE_NB,41.664207,-87.597973,39
RLE_NB,41.664365,-87.59811,40
RLE_NB,41.664523,-87.598247,41
RLE_NB,41.664681,-87.598384,42
RLE_NB,41.664821,-87.598505,43
RLE_NB,41.664961,-87.598625,44
RLE_NB,41.6651,-87.598746,45
RLE_NB,41.66524,-87.598866,46
RLE_NB,41.66538,-87.598987,47
RLE_NB,41.66552,-87.599108,48
RLE_NB,41.66566,-87.599228,49
RLE_NB,41.665799,-87.599349,50
RLE_NB,41.665939,-87.599469,51
RLE_NB,41.666079,-87.59959,52
RLE_NB,41.666238,-87.599728,53
RLE_NB,41.666396,-87.599866,54
RLE_NB,41.666555,-87.600004,55
RLE_NB,41.666713,-87.600142,56
RLE_NB,41.666852,-87.600263,57
RLE_NB,41.666992,-87.600384,58
RLE_NB,41.667131,-87.600505,59
RLE_NB,41.66727,-87.600626,60
RLE_NB,41.66741,-87.600747,61
RLE_NB,41.667549,-87.600868,62
RLE_NB,41.667688,-87.600989,63
RLE_NB,41.667828,-87.60111,64
RLE_NB,41.667967,-87.601231,65
RLE_NB,41.668106,-87.601352,66
RLE_NB,41.668254,-87.601481,67
RLE_NB,41.668402,-87.60161,68
RLE_NB,41.66855,-87.60174,69
RLE_NB,41.668698,-87.601869,70
RLE_NB,41.668846,-87.601998,71
RLE_NB,41.668995,-87.602127,72
RLE_NB,41.669145,-87.602255,73
RLE_NB,41.669294,-87.602384,74
RLE_NB,41.669444,-87.602512,75
RLE_NB,41.669593,-87.602641,76
RLE_NB,41.66976,-87.602786,77
RLE_NB,41.669927,-87.60293,78
RLE_NB,41.670093,-87.603074,79
RLE_NB,41.67026,-87.603219,80
RLE_NB,41.67042,-87.603358,81
RLE_NB,41.67058,-87.603496,82
RLE_NB,41.670739,-87.603634,83
RLE_NB,41.670899,-87.603773,84
RLE_NB,41.67104,-87.603895,85
RLE_NB,41.671172,-87.604027,86
RLE_NB,41.671305,-87.604159,87
RLE_NB,41.671437,-87.604292,88
RLE_NB,41.671569,-87.604424,89
RLE_NB,41.671701,-87.604556,90
RLE_NB,41.671834,-87.604688,91
RLE_NB,41.671966,-87.60482,92
RLE_NB,41.672098,-87.604953,93
RLE_NB,41.67223,-87.605085,94
RLE_NB,41.672363,-87.605217,95
RLE_NB,41.672495,-87.605349,96
RLE_NB,41.672627,-87.605481,97
RLE_NB,41.672759,-87.605614,98
RLE_NB,41.672892,-87.605746,99
RLE_NB,41.673024,-87.605878,100
RLE_NB,41.673156,-87.60601,101
RLE_NB,41.673289,-87.606142,102
RLE_NB,41.673421,-87.606275,103
RLE_NB,41.673553,-87.606407,104
RLE_NB,41.673685,-87.606539,105
RLE_NB,41.673818,-87.606671,106
RLE_NB,41.67395,-87.606803,107
RLE_NB,41.674082,-87.606936,108
RLE_NB,41.674214,-87.607068,109
RLE_NB,41.674347,-87.6072,110
RLE_NB,41.674479,-87.607332,111
RLE_NB,41.674611,-87.607464,112
RLE_NB,41.674743,-87.607597,113
RLE_NB,41.674876,-87.607729,114
RLE_NB,41.675008,-87.607861,115
RLE_NB,41.675139,-87.608,116
RLE_NB,41.67527,-87.608138,117
RLE_NB,41.675401,-87.608277,118
RLE_NB,41.675532,-87.608416,119
RLE_NB,41.675663,-87.608555,120
RLE_NB,41.675794,-87.608693,121
RLE_NB,41.675925,-87.608832,122
RLE_NB,41.676056,-87.608971,123
RLE_NB,41.676187,-87.60911,124
RLE_NB,41.676319,-87.609248,125
RLE_NB,41.67645,-87.609387,126
RLE_NB,41.676581,-87.609526,127
RLE_NB,41.676712,-87.609664,128
RLE_NB,41.676843,-87.609803,129
RLE_NB,41.676974,-87.609942,130
RLE_NB,41.677105,-87.610081,131
RLE_NB,41.677236,-87.610219,132
RLE_NB,41.677367,-87.610358,133
RLE_NB,41.677487,-87.610522,134
RLE_NB,41.677607,-87.610685,135
RLE_NB,41.677727,-87.610849,136
RLE_NB,41.677847,-87.611013,137
RLE_NB,41.677968,-87.611176,138
RLE_NB,41.678088,-87.61134,139
RLE_NB,41.678208,-87.611503,140
RLE_NB,41.678328,-87.611667,141
RLE_NB,41.678453,-87.611857,142
RLE_NB,41.678578,-87.612046,143
RLE_NB,41.678703,-87.612235,144
RLE_NB,41.678828,-87.612425,145
RLE_NB,41.678953,-87.612614,146
RLE_NB,41.679078,-87.612804,147
RLE_NB,41.679177,-87.612986,148
RLE_NB,41.679276,-87.613169,149
RLE_NB,41.679375,-87.613351,150
RLE_NB,41.679474,-87.613533,151
RLE_NB,41.679573,-87.613716,152
RLE_NB,41.679672,-87.613898,153
RLE_NB,41.679771,-87.614081,154
RLE_NB,41.67987,-87.614263,155
RLE_NB,41.679969,-87.614445,156
RLE_NB,41.680068,-87.614628,157
RLE_NB,41.680167,-87.61481,158
RLE_NB,41.680254,-87.614998,159
RLE_NB,41.680342,-87.615185,160
RLE_NB,41.680429,-87.615373,161
RLE_NB,41.680516,-87.61556,162
RLE_NB,41.680604,-87.615748,163
RLE_NB,41.680691,-87.615935,164
RLE_NB,41.680778,-87.616123,165
RLE_NB,41.680866,-87.616311,166
RLE_NB,41.680953,-87.616498,167
RLE_NB,41.681041,-87.616686,168
RLE_NB,41.681128,-87.616873,169
RLE_NB,41.681215,-87.617061,170
RLE_NB,41.681303,-87.617249,171
RLE_NB,41.68139,-87.617436,172
RLE_NB,41.681477,-87.617624,173
RLE_NB,41.681565,-87.617811,174
RLE_NB,41.681652,-87.617999,175
RLE_NB,41.681739,-87.618186,176
RLE_NB,41.681827,-87.618374,177
RLE_NB,41.681914,-87.618562,178
RLE_NB,41.682001,-87.618749,179
RLE_NB,41.682089,-87.618937,180
RLE_NB,41.682176,-87.619124,181
RLE_NB,41.682264,-87.619312,182
RLE_NB,41.682351,-87.6195,183
RLE_NB,41.682438,-87.619687,184
RLE_NB,41.682526,-87.619875,185
RLE_NB,41.682613,-87.620062,186
RLE_NB,41.6827,-87.62025,187
RLE_NB,41.682788,-87.620437,188
RLE_NB,41.682875,-87.620625,189
RLE_NB,41.683015,-87.620801,190
RLE_NB,41.68312,-87.621008,191
RLE_NB,41.683225,-87.621214,192
RLE_NB,41.683331,-87.62142,193
RLE_NB,41.683436,-87.621627,194
RLE_NB,41.683561,-87.621865,195
RLE_NB,41.683687,-87.622104,196
RLE_NB,41.683796,-87.622298,197
RLE_NB,41.683905,-87.622493,198
RLE_NB,41.68403,-87.622718,199
RLE_NB,41.6841,-87.622853,200
RLE_NB,41.684183,-87.62299,201
RLE_NB,41.684322,-87.623238,202
RLE_NB,41.684475,-87.623511,203
RLE_NB,41.68457,-87.623691,204
RLE_NB,41.684665,-87.623871,205
RLE_NB,41.684771,-87.624083,206
RLE_NB,41.684878,-87.624296,207
RLE_NB,41.684992,-87.624523,208
RLE_NB,41.685106,-87.62475,209
RLE_NB,41.68522,-87.624977,210
RLE_NB,41.685298,-87.625132,211
RLE_NB,41.685376,-87.625288,212
RLE_NB,41.685476,-87.625487,213
RLE_NB,41.685576,-87.625685,214
RLE_NB,41.685676,-87.625884,215
RLE_NB,41.685776,-87.626083,216
RLE_NB,41.685876,-87.626282,217
RLE_NB,41.685976,-87.62648,218
RLE_NB,41.686076,-87.626679,219
RLE_NB,41.686172,-87.626868,220
RLE_NB,41.686267,-87.627057,221
RLE_NB,41.686363,-87.627247,222
RLE_NB,41.686458,-87.627436,223
RLE_NB,41.686554,-87.627625,224
RLE_NB,41.686602,-87.627722,225
RLE_NB,41.686662,-87.627843,226
RLE_NB,41.68679,-87.628101,227
RLE_NB,41.686918,-87.628358,228
RLE_NB,41.687036,-87.628593,229
RLE_NB,41.687154,-87.628827,230
RLE_NB,41.687272,-87.629062,231
RLE_NB,41.687379,-87.629272,232
RLE_NB,41.687487,-87.629483,233
RLE_NB,41.687628,-87.629741,234
RLE_NB,41.687752,-87.629939,235
RLE_NB,41.687889,-87.630143,236
RLE_NB,41.687917,-87.630182,237
RLE_NB,41.688015,-87.630317,238
RLE_NB,41.688172,-87.630514,239
RLE_NB,41.688362,-87.630724,240
RLE_NB,41.688533,-87.630894,241
RLE_NB,41.688707,-87.631053,242
RLE_NB,41.688942,-87.631243,243
RLE_NB,41.689178,-87.631433,244
RLE_NB,41.689434,-87.631618,245
RLE_NB,41.689653,-87.631763,246
RLE_NB,41.689858,-87.631884,247
RLE_NB,41.690064,-87.631999,248
RLE_NB,41.690301,-87.632118,249
RLE_NB,41.690491,-87.632207,250
RLE_NB,41.690726,-87.632302,251
RLE_NB,41.69096,-87.632385,252
RLE_NB,41.691223,-87.632471,253
RLE_NB,41.691492,-87.632546,254
RLE_NB,41.691671,-87.632593,255
RLE_NB,41.691876,-87.632637,256
RLE_NB,41.692108,-87.632687,257
RLE_NB,41.69228,-87.632715,258
RLE_NB,41.692392,-87.632732,259
RLE_NB,41.692471,-87.632744,260
RLE_NB,41.692556,-87.632751,261
RLE_NB,41.692624,-87.632757,262
RLE_NB,41.692795,-87.632769,263
RLE_NB,41.692983,-87.632775,264
RLE_NB,41.69316,-87.632781,265
RLE_NB,41.693337,-87.632786,266
RLE_NB,41.693514,-87.632792,267
RLE_NB,41.693691,-87.632798,268
RLE_NB,41.693874,-87.632803,269
RLE_NB,41.694057,-87.632807,270
RLE_NB,41.69424,-87.632812,271
RLE_NB,41.694423,-87.632817,272
RLE_NB,41.694601,-87.632823,273
RLE_NB,41.694778,-87.632828,274
RLE_NB,41.694956,-87.632834,275
RLE_NB,41.695133,-87.632839,276
RLE_NB,41.695311,-87.632845,277
RLE_NB,41.695494,-87.632849,278
RLE_NB,41.695677,-87.632854,279
RLE_NB,41.69586,-87.632858,280
RLE_NB,41.696043,-87.632862,281
RLE_NB,41.696112,-87.632864,282
RLE_NB,41.696198,-87.632866,283
RLE_NB,41.696392,-87.632871,284
RLE_NB,41.696586,-87.632877,285
RLE_NB,41.69678,-87.632882,286
RLE_NB,41.696974,-87.632887,287
RLE_NB,41.697147,-87.632892,288
RLE_NB,41.69732,-87.632897,289
RLE_NB,41.697494,-87.632901,290
RLE_NB,41.697667,-87.632906,291
RLE_NB,41.69784,-87.632911,292
RLE_NB,41.698021,-87.632916,293
RLE_NB,41.698202,-87.632921,294
RLE_NB,41.698383,-87.632926,295
RLE_NB,41.698564,-87.632931,296
RLE_NB,41.698745,-87.632936,297
RLE_NB,41.698932,-87.632941,298
RLE_NB,41.69912,-87.632946,299
RLE_NB,41.699307,-87.63295,300
RLE_NB,41.699495,-87.632955,301
RLE_NB,41.699682,-87.63296,302
RLE_NB,41.699754,-87.632962,303
RLE_NB,41.699841,-87.632964,304
RLE_NB,41.700006,-87.632969,305
RLE_NB,41.70017,-87.632973,306
RLE_NB,41.700334,-87.632978,307
RLE_NB,41.700499,-87.632982,308
RLE_NB,41.700664,-87.632987,309
RLE_NB,41.700828,-87.632991,310
RLE_NB,41.700999,-87.632995,311
RLE_NB,41.70117,-87.633,312
RLE_NB,41.70134,-87.633004,313
RLE_NB,41.701511,-87.633009,314
RLE_NB,41.701682,-87.633013,315
RLE_NB,41.701754,-87.633015,316
RLE_NB,41.701929,-87.63302,317
RLE_NB,41.702105,-87.633025,318
RLE_NB,41.70228,-87.63303,319
RLE_NB,41.702456,-87.633035,320
RLE_NB,41.702631,-87.63304,321
RLE_NB,41.70281,-87.633044,322
RLE_NB,41.702989,-87.633049,323
RLE_NB,41.703169,-87.633053,324
RLE_NB,41.703348,-87.633058,325
RLE_NB,41.703527,-87.633062,326
RLE_NB,41.703697,-87.633067,327
RLE_NB,41.703867,-87.633072,328
RLE_NB,41.704037,-87.633078,329
RLE_NB,41.704207,-87.633083,330
RLE_NB,41.704377,-87.633088,331
RLE_NB,41.704553,-87.633093,332
RLE_NB,41.70473,-87.633099,333
RLE_NB,41.704906,-87.633104,334
RLE_NB,41.705083,-87.63311,335
RLE_NB,41.705259,-87.633115,336
RLE_NB,41.705421,-87.63312,337
RLE_NB,41.705583,-87.633124,338
RLE_NB,41.705745,-87.633129,339
RLE_NB,41.705907,-87.633133,340
RLE_NB,41.706069,-87.633138,341
RLE_NB,41.706237,-87.633142,342
RLE_NB,41.706405,-87.633147,343
RLE_NB,41.706572,-87.633151,344
RLE_NB,41.70674,-87.633155,345
RLE_NB,41.70697,-87.633161,346
RLE_NB,41.707056,-87.633163,347
RLE_NB,41.707148,-87.633166,348
RLE_NB,41.70736,-87.633172,349
RLE_NB,41.707573,-87.633177,350
RLE_NB,41.707768,-87.633182,351
RLE_NB,41.707963,-87.633186,352
RLE_NB,41.708158,-87.63319,353
RLE_NB,41.708353,-87.633195,354
RLE_NB,41.708554,-87.633201,355
RLE_NB,41.708754,-87.633208,356
RLE_NB,41.708955,-87.633215,357
RLE_NB,41.709155,-87.633221,358
RLE_NB,41.709335,-87.633226,359
RLE_NB,41.709514,-87.63323,360
RLE_NB,41.709694,-87.633235,361
RLE_NB,41.709874,-87.63324,362
RLE_NB,41.710062,-87.633245,363
RLE_NB,41.71025,-87.63325,364
RLE_NB,41.710438,-87.633254,365
RLE_NB,41.710626,-87.633259,366
RLE_NB,41.710696,-87.633261,367
RLE_NB,41.710886,-87.633267,368
RLE_NB,41.711076,-87.633272,369
RLE_NB,41.711266,-87.633278,370
RLE_NB,41.711456,-87.633283,371
RLE_NB,41.71164,-87.633288,372
RLE_NB,41.711824,-87.633293,373
RLE_NB,41.712007,-87.633297,374
RLE_NB,41.712191,-87.633302,375
RLE_NB,41.712375,-87.633307,376
RLE_NB,41.712559,-87.633312,377
RLE_NB,41.712723,-87.633317,378
RLE_NB,41.712888,-87.633321,379
RLE_NB,41.713052,-87.633326,380
RLE_NB,41.713217,-87.63333,381
RLE_NB,41.713381,-87.633335,382
RLE_NB,41.713571,-87.63334,383
RLE_NB,41.713762,-87.633346,384
RLE_NB,41.713923,-87.633285,385
RLE_NB,41.714084,-87.633223,386
RLE_NB,41.714245,-87.633162,387
RLE_NB,41.714387,-87.63299,388
RLE_NB,41.714529,-87.632818,389
RLE_NB,41.714672,-87.632646,390
RLE_NB,41.714814,-87.632474,391
RLE_NB,41.714902,-87.632271,392
RLE_NB,41.71499,-87.632069,393
RLE_NB,41.715077,-87.631866,394
RLE_NB,41.715165,-87.631663,395
RLE_NB,41.715211,-87.631447,396
RLE_NB,41.715258,-87.631231,397
RLE_NB,41.715304,-87.631015,398
RLE_NB,41.71535,-87.630798,399
RLE_NB,41.715396,-87.630582,400
RLE_NB,41.715443,-87.630366,401
RLE_NB,41.715489,-87.63015,402
RLE_NB,41.715539,-87.629924,403
RLE_NB,41.715589,-87.629698,404
RLE_NB,41.715638,-87.629473,405
RLE_NB,41.715688,-87.629247,406
RLE_NB,41.715738,-87.629021,407
RLE_NB,41.715791,-87.628793,408
RLE_NB,41.715844,-87.628565,409
RLE_NB,41.715896,-87.628336,410
RLE_NB,41.715949,-87.628108,411
RLE_NB,41.716002,-87.62788,412
RLE_NB,41.716064,-87.627668,413
RLE_NB,41.716126,-87.627457,414
RLE_NB,41.716189,-87.627245,415
RLE_NB,41.716251,-87.627034,416
RLE_NB,41.716313,-87.626822,417
RLE_NB,41.716423,-87.626631,418
RLE_NB,41.716534,-87.626439,419
RLE_NB,41.716644,-87.626248,420
RLE_NB,41.716755,-87.626056,421
RLE_NB,41.716865,-87.625865,422
RLE_NB,41.717011,-87.625714,423
RLE_NB,41.717157,-87.625562,424
RLE_NB,41.717304,-87.625411,425
RLE_NB,41.71745,-87.625259,426
RLE_NB,41.717606,-87.625173,427
RLE_NB,41.717761,-87.625087,428
RLE_NB,41.717917,-87.625001,429
RLE_NB,41.718072,-87.624915,430
RLE_NB,41.718228,-87.624829,431
RLE_NB,41.718383,-87.624743,432
RLE_NB,41.718539,-87.624657,433
RLE_NB,41.718702,-87.624629,434
RLE_NB,41.718866,-87.624601,435
RLE_NB,41.719029,-87.624572,436
RLE_NB,41.719192,-87.624544,437
RLE_NB,41.719356,-87.624516,438
RLE_NB,41.719519,-87.624488,439
RLE_NB,41.719682,-87.624459,440
RLE_NB,41.719846,-87.624431,441
RLE_NB,41.720009,-87.624403,442
RLE_NB,41.720173,-87.6244,443
RLE_NB,41.720338,-87.624397,444
RLE_NB,41.720502,-87.624394,445
RLE_NB,41.720667,-87.624391,446
RLE_NB,41.720831,-87.624389,447
RLE_NB,41.720996,-87.624386,448
RLE_NB,41.72116,-87.624383,449
RLE_NB,41.721325,-87.62438,450
RLE_NB,41.721489,-87.624377,451
RLE_SB,41.721489,-87.624377,1
RLE_SB,41.721325,-87.62438,2
RLE_SB,41.72116,-87.624383,3
RLE_SB,41.720996,-87.624386,4
RLE_SB,41.720831,-87.624389,5
RLE_SB,41.720667,-87.624391,6
RLE_SB,41.720502,-87.624394,7
RLE_SB,41.720338,-87.624397,8
RLE_SB,41.720173,-87.6244,9
RLE_SB,41.720009,-87.624403,10
RLE_SB,41.719846,-87.624431,11
RLE_SB,41.719682,-87.624459,12
RLE_SB,41.719519,-87.624488,13
RLE_SB,41.719356,-87.624516,14
RLE_SB,41.719192,-87.624544,15
RLE_SB,41.719029,-87.624572,16
RLE_SB,41.718866,-87.624601,17
RLE_SB,41.718702,-87.624629,18
RLE_SB,41.718539,-87.624657,19
RLE_SB,41.718383,-87.624743,20
RLE_SB,41.718228,-87.624829,21
RLE_SB,41.718072,-87.624915,22
RLE_SB,41.717917,-87.625001,23
RLE_SB,41.717761,-87.625087,24
RLE_SB,41.717606,-87.625173,25
RLE_SB,41.71745,-87.625259,26
RLE_SB,41.717304,-87.625411,27
RLE_SB,41.717157,-87.625562,28
RLE_SB,41.717011,-87.625714,29
RLE_SB,41.716865,-87.625865,30
RLE_SB,41.716755,-87.626056,31
RLE_SB,41.716644,-87.626248,32
RLE_SB,41.716534,-87.626439,33
RLE_SB,41.716423,-87.626631,34
RLE_SB,41.716313,-87.626822,35
RLE_SB,41.716251,-87.627034,36
RLE_SB,41.716189,-87.627245,37
RLE_SB,41.716126,-87.627457,38
RLE_SB,41.716064,-87.627668,39
RLE_SB,41.716002,-87.62788,40
RLE_SB,41.715949,-87.628108,41
RLE_SB,41.715896,-87.628336,42
RLE_SB,41.715844,-87.628565,43
RLE_SB,41.715791,-87.628793,44
RLE_SB,41.715738,-87.629021,45
RLE_SB,41.715688,-87.629247,46
RLE_SB,41.715638,-87.629473,47
RLE_SB,41.715589,-87.629698,48
RLE_SB,41.715539,-87.629924,49
RLE_SB,41.715489,-87.63015,50
RLE_SB,41.715443,-87.630366,51
RLE_SB,41.715396,-87.630582,52
RLE_SB,41.71535,-87.630798,53
RLE_SB,41.715304,-87.631015,54
RLE_SB,41.715258,-87.631231,55
RLE_SB,41.715211,-87.631447,56
RLE_SB,41.715165,-87.631663,57
RLE_SB,41.715077,-87.631866,58
RLE_SB,41.71499,-87.632069,59
RLE_SB,41.714902,-87.632271,60
RLE_SB,41.714814,-87.632474,61
RLE_SB,41.714672,-87.632646,62
RLE_SB,41.714529,-87.632818,63
RLE_SB,41.714387,-87.63299,64
RLE_SB,41.714245,-87.633162,65
RLE_SB,41.714084,-87.633223,66
RLE_SB,41.713923,-87.633285,67
RLE_SB,41.713762,-87.633346,68
RLE_SB,41.713571,-87.63334,69
RLE_SB,41.713381,-87.633335,70
RLE_SB,41.713217,-87.63333,71
RLE_SB,41.713052,-87.633326,72
RLE_SB,41.712888,-87.633321,73
RLE_SB,41.712723,-87.633317,74
RLE_SB,41.712559,-87.633312,75
RLE_SB,41.712375,-87.633307,76
RLE_SB,41.712191,-87.633302,77
RLE_SB,41.712007,-87.633297,78
RLE_SB,41.711824,-87.633293,79
RLE_SB,41.71164,-87.633288,80
RLE_SB,41.711456,-87.633283,81
RLE_SB,41.711266,-87.633278,82
RLE_SB,41.711076,-87.633272,83
RLE_SB,41.710886,-87.633267,84
RLE_SB,41.710696,-87.633261,85
RLE_SB,41.710626,-87.633259,86
RLE_SB,41.710438,-87.633254,87
RLE_SB,41.71025,-87.63325,88
RLE_SB,41.710062,-87.633245,89
RLE_SB,41.709874,-87.63324,90
RLE_SB,41.709694,-87.633235,91
RLE_SB,41.709514,-87.63323,92
RLE_SB,41.709335,-87.633226,93
RLE_SB,41.709155,-87.633221,94
RLE_SB,41.708955,-87.633215,95
RLE_SB,41.708754,-87.633208,96
RLE_SB,41.708554,-87.633201,97
RLE_SB,41.708353,-87.633195,98
RLE_SB,41.708158,-87.63319,99
RLE_SB,41.707963,-87.633186,100
RLE_SB,41.707768,-87.633182,101
RLE_SB,41.707573,-87.633177,102
RLE_SB,41.70736,-87.633172,103
RLE_SB,41.707148,-87.633166,104
RLE_SB,41.707056,-87.633163,105
RLE_SB,41.70697,-87.633161,106
RLE_SB,41.70674,-87.633155,107
RLE_SB,41.706572,-87.633151,108
RLE_SB,41.706405,-87.633147,109
RLE_SB,41.706237,-87.633142,110
RLE_SB,41.706069,-87.633138,111
RLE_SB,41.705907,-87.633133,112
RLE_SB,41.705745,-87.633129,113
RLE_SB,41.705583,-87.633124,114
RLE_SB,41.705421,-87.63312,115
RLE_SB,41.705259,-87.633115,116
RLE_SB,41.705083,-87.63311,117
RLE_SB,41.704906,-87.633104,118
RLE_SB,41.70473,-87.633099,119
RLE_SB,41.704553,-87.633093,120
RLE_SB,41.704377,-87.633088,121
RLE_SB,41.704207,-87.633083,122
RLE_SB,41.704037,-87.633078,123
RLE_SB,41.703867,-87.633072,124
RLE_SB,41.703697,-87.633067,125
RLE_SB,41.703527,-87.633062,126
RLE_SB,41.703348,-87.633058,127
RLE_SB,41.703169,-87.633053,128
RLE_SB,41.702989,-87.633049,129
RLE_SB,41.70281,-87.633044,130
RLE_SB,41.702631,-87.63304,131
RLE_SB,41.702456,-87.633035,132
RLE_SB,41.70228,-87.63303,133
RLE_SB,41.702105,-87.633025,134
RLE_SB,41.701929,-87.63302,135
RLE_SB,41.701754,-87.633015,136
RLE_SB,41.701682,-87.633013,137
RLE_SB,41.701511,-87.633009,138
RLE_SB,41.70134,-87.633004,139
RLE_SB,41.70117,-87.633,140
RLE_SB,41.700999,-87.632995,141
RLE_SB,41.700828,-87.632991,142
RLE_SB,41.700664,-87.632987,143
RLE_SB,41.700499,-87.632982,144
RLE_SB,41.700334,-87.632978,145
RLE_SB,41.70017,-87.632973,146
RLE_SB,41.700006,-87.632969,147
RLE_SB,41.699841,-87.632964,148
RLE_SB,41.699754,-87.632962,149
RLE_SB,41.699682,-87.63296,150
RLE_SB,41.699495,-87.632955,151
RLE_SB,41.699307,-87.63295,152
RLE_SB,41.69912,-87.632946,153
RLE_SB,41.698932,-87.632941,154
RLE_SB,41.698745,-87.632936,155
RLE_SB,41.698564,-87.632931,156
RLE_SB,41.698383,-87.632926,157
RLE_SB,41.698202,-87.632921,158
RLE_SB,41.698021,-87.632916,159
RLE_SB,41.69784,-87.632911,160
RLE_SB,41.697667,-87.632906,161
RLE_SB,41.697494,-87.632901,162
RLE_SB,41.69732,-87.632897,163
RLE_SB,41.697147,-87.632892,164
RLE_SB,41.696974,-87.632887,165
RLE_SB,41.69678,-87.632882,166
RLE_SB,41.696586,-87.632877,167
RLE_SB,41.696392,-87.632871,168
RLE_SB,41.696198,-87.632866,169
RLE_SB,41.696112,-87.632864,170
RLE_SB,41.696043,-87.632862,171
RLE_SB,41.69586,-87.632858,172
RLE_SB,41.695677,-87.632854,173
RLE_SB,41.695494,-87.632849,174
RLE_SB,41.695311,-87.632845,175
RLE_SB,41.695133,-87.632839,176
RLE_SB,41.694956,-87.632834,177
RLE_SB,41.694778,-87.632828,178
RLE_SB,41.694601,-87.632823,179
RLE_SB,41.694423,-87.632817,180
RLE_SB,41.69424,-87.632812,181
RLE_SB,41.694057,-87.632807,182
RLE_SB,41.693874,-87.632803,183
RLE_SB,41.693691,-87.632798,184
RLE_SB,41.693514,-87.632792,185
RLE_SB,41.693337,-87.632786,186
RLE_SB,41.69316,-87.632781,187
RLE_SB,41.692983,-87.632775,188
RLE_SB,41.692795,-87.632769,189
RLE_SB,41.692624,-87.632757,190
RLE_SB,41.692556,-87.632751,191
RLE_SB,41.692471,-87.632744,192
RLE_SB,41.692392,-87.632732,193
RLE_SB,41.69228,-87.632715,194
RLE_SB,41.692108,-87.632687,195
RLE_SB,41.691876,-87.632637,196
RLE_SB,41.691671,-87.632593,197
RLE_SB,41.691492,-87.632546,198
RLE_SB,41.691223,-87.632471,199
RLE_SB,41.69096,-87.632385,200
RLE_SB,41.690726,-87.632302,201
RLE_SB,41.690491,-87.632207,202
RLE_SB,41.690301,-87.632118,203
RLE_SB,41.690064,-87.631999,204
RLE_SB,41.689858,-87.631884,205
RLE_SB,41.689653,-87.631763,206
RLE_SB,41.689434,-87.631618,207
RLE_SB,41.689178,-87.631433,208
RLE_SB,41.688942,-87.631243,209
RLE_SB,41.688707,-87.631053,210
RLE_SB,41.688533,-87.630894,211
RLE_SB,41.688362,-87.630724,212
RLE_SB,41.688172,-87.630514,213
RLE_SB,41.688015,-87.630317,214
RLE_SB,41.687917,-87.630182,215
RLE_SB,41.687889,-87.630143,216
RLE_SB,41.687752,-87.629939,217
RLE_SB,41.687628,-87.629741,218
RLE_SB,41.687487,-87.629483,219
RLE_SB,41.687379,-87.629272,220
RLE_SB,41.687272,-87.629062,221
RLE_SB,41.687154,-87.628827,222
RLE_SB,41.687036,-87.628593,223
RLE_SB,41.686918,-87.628358,224
RLE_SB,41.68679,-87.628101,225
RLE_SB,41.686662,-87.627843,226
RLE_SB,41.686602,-87.627722,227
RLE_SB,41.686554,-87.627625,228
RLE_SB,41.686458,-87.627436,229
RLE_SB,41.686363,-87.627247,230
RLE_SB,41.686267,-87.627057,231
RLE_SB,41.686172,-87.626868,232
RLE_SB,41.686076,-87.626679,233
RLE_SB,41.685976,-87.62648,234
RLE_SB,41.685876,-87.626282,235
RLE_SB,41.685776,-87.626083,236
RLE_SB,41.685676,-87.625884,237
RLE_SB,41.685576,-87.625685,238
RLE_SB,41.685476,-87.625487,239
RLE_SB,41.685376,-87.625288,240
RLE_SB,41.685298,-87.625132,241
RLE_SB,41.68522,-87.624977,242
RLE_SB,41.685106,-87.62475,243
RLE_SB,41.684992,-87.624523,244
RLE_SB,41.684878,-87.624296,245
RLE_SB,41.684771,-87.624083,246
RLE_SB,41.684665,-87.623871,247
RLE_SB,41.68457,-87.623691,248
RLE_SB,41.684475,-87.623511,249
RLE_SB,41.684322,-87.623238,250
RLE_SB,41.684183,-87.62299,251
RLE_SB,41.6841,-87.622853,252
RLE_SB,41.68403,-87.622718,253
RLE_SB,41.683905,-87.622493,254
RLE_SB,41.683796,-87.622298,255
RLE_SB,41.683687,-87.622104,256
RLE_SB,41.683561,-87.621865,257
RLE_SB,41.683436,-87.621627,258
RLE_SB,41.683331,-87.62142,259
RLE_SB,41.683225,-87.621214,260
RLE_SB,41.68312,-87.621008,261
RLE_SB,41.683015,-87.620801,262
RLE_SB,41.682875,-87.620625,263
RLE_SB,41.682788,-87.620437,264
RLE_SB,41.6827,-87.62025,265
RLE_SB,41.682613,-87.620062,266
RLE_SB,41.682526,-87.619875,267
RLE_SB,41.682438,-87.619687,268
RLE_SB,41.682351,-87.6195,269
RLE_SB,41.682264,-87.619312,270
RLE_SB,41.682176,-87.619124,271
RLE_SB,41.682089,-87.618937,272
RLE_SB,41.682001,-87.618749,273
RLE_SB,41.681914,-87.618562,274
RLE_SB,41.681827,-87.618374,275
RLE_SB,41.681739,-87.618186,276
RLE_SB,41.681652,-87.617999,277
RLE_SB,41.681565,-87.617811,278
RLE_SB,41.681477,-87.617624,279
RLE_SB,41.68139,-87.617436,280
RLE_SB,41.681303,-87.617249,281
RLE_SB,41.681215,-87.617061,282
RLE_SB,41.681128,-87.616873,283
RLE_SB,41.681041,-87.616686,284
RLE_SB,41.680953,-87.616498,285
RLE_SB,41.680866,-87.616311,286
RLE_SB,41.680778,-87.616123,287
RLE_SB,41.680691,-87.615935,288
RLE_SB,41.680604,-87.615748,289
RLE_SB,41.680516,-87.61556,290
RLE_SB,41.680429,-87.615373,291
RLE_SB,41.680342,-87.615185,292
RLE_SB,41.680254,-87.614998,293
RLE_SB,41.680167,-87.61481,294
RLE_SB,41.680068,-87.614628,295
RLE_SB,41.679969,-87.614445,296
RLE_SB,41.67987,-87.614263,297
RLE_SB,41.679771,-87.614081,298
RLE_SB,41.679672,-87.613898,299
RLE_SB,41.679573,-87.613716,300
RLE_SB,41.679474,-87.613533,301
RLE_SB,41.679375,-87.613351,302
RLE_SB,41.679276,-87.613169,303
RLE_SB,41.679177,-87.612986,304
RLE_SB,41.679078,-87.612804,305
RLE_SB,41.678953,-87.612614,306
RLE_SB,41.678828,-87.612425,307
RLE_SB,41.678703,-87.612235,308
RLE_SB,41.678578,-87.612046,309
RLE_SB,41.678453,-87.611857,310
RLE_SB,41.678328,-87.611667,311
RLE_SB,41.678208,-87.611503,312
RLE_SB,41.678088,-87.61134,313
RLE_SB,41.677968,-87.611176,314
RLE_SB,41.677847,-87.611013,315
RLE_SB,41.677727,-87.610849,316
RLE_SB,41.677607,-87.610685,317
RLE_SB,41.677487,-87.610522,318
RLE_SB,41.677367,-87.610358,319
RLE_SB,41.677236,-87.610219,320
RLE_SB,41.677105,-87.610081,321
RLE_SB,41.676974,-87.609942,322
RLE_SB,41.676843,-87.609803,323
RLE_SB,41.676712,-87.609664,324
RLE_SB,41.676581,-87.609526,325
RLE_SB,41.67645,-87.609387,326
RLE_SB,41.676319,-87.609248,327
RLE_SB,41.676187,-87.60911,328
RLE_SB,41.676056,-87.608971,329
RLE_SB,41.675925,-87.608832,330
RLE_SB,41.675794,-87.608693,331
RLE_SB,41.675663,-87.608555,332
RLE_SB,41.675532,-87.608416,333
RLE_SB,41.675401,-87.608277,334
RLE_SB,41.67527,-87.608138,335
RLE_SB,41.675139,-87.608,336
RLE_SB,41.675008,-87.607861,337
RLE_SB,41.674876,-87.607729,338
RLE_SB,41.674743,-87.607597,339
RLE_SB,41.674611,-87.607464,340
RLE_SB,41.674479,-87.607332,341
RLE_SB,41.674347,-87.6072,342
RLE_SB,41.674214,-87.607068,343
RLE_SB,41.674082,-87.606936,344
RLE_SB,41.67395,-87.606803,345
RLE_SB,41.673818,-87.606671,346
RLE_SB,41.673685,-87.606539,347
RLE_SB,41.673553,-87.606407,348
RLE_SB,41.673421,-87.606275,349
RLE_SB,41.673289,-87.606142,350
RLE_SB,41.673156,-87.60601,351
RLE_SB,41.673024,-87.605878,352
RLE_SB,41.672892,-87.605746,353
RLE_SB,41.672759,-87.605614,354
RLE_SB,41.672627,-87.605481,355
RLE_SB,41.672495,-87.605349,356
RLE_SB,41.672363,-87.605217,357
RLE_SB,41.67223,-87.605085,358
RLE_SB,41.672098,-87.604953,359
RLE_SB,41.671966,-87.60482,360
RLE_SB,41.671834,-87.604688,361
RLE_SB,41.671701,-87.604556,362
RLE_SB,41.671569,-87.604424,363
RLE_SB,41.671437,-87.604292,364
RLE_SB,41.671305,-87.604159,365
RLE_SB,41.671172,-87.604027,366
RLE_SB,41.67104,-87.603895,367
RLE_SB,41.670899,-87.603773,368
RLE_SB,41.670739,-87.603634,369
RLE_SB,41.67058,-87.603496,370
RLE_SB,41.67042,-87.603358,371
RLE_SB,41.67026,-87.603219,372
RLE_SB,41.670093,-87.603074,373
RLE_SB,41.669927,-87.60293,374
RLE_SB,41.66976,-87.602786,375
RLE_SB,41.669593,-87.602641,376
RLE_SB,41.669444,-87.602512,377
RLE_SB,41.669294,-87.602384,378
RLE_SB,41.669145,-87.602255,379
RLE_SB,41.668995,-87.602127,380
RLE_SB,41.668846,-87.601998,381
RLE_SB,41.668698,-87.601869,382
RLE_SB,41.66855,-87.60174,383
RLE_SB,41.668402,-87.60161,384
RLE_SB,41.668254,-87.601481,385
RLE_SB,41.668106,-87.601352,386
RLE_SB,41.667967,-87.601231,387
RLE_SB,41.667828,-87.60111,388
RLE_SB,41.667688,-87.600989,389
RLE_SB,41.667549,-87.600868,390
RLE_SB,41.66741,-87.600747,391
RLE_SB,41.66727,-87.600626,392
RLE_SB,41.667131,-87.600505,393
RLE_SB,41.666992,-87.600384,394
RLE_SB,41.666852,-87.600263,395
RLE_SB,41.666713,-87.600142,396
RLE_SB,41.666555,-87.600004,397
RLE_SB,41.666396,-87.599866,398
RLE_SB,41.666238,-87.599728,399
RLE_SB,41.666079,-87.59959,400
RLE_SB,41.665939,-87.599469,401
RLE_SB,41.665799,-87.599349,402
RLE_SB,41.66566,-87.599228,403
RLE_SB,41.66552,-87.599108,404
RLE_SB,41.66538,-87.598987,405
RLE_SB,41.66524,-87.598866,406
RLE_SB,41.6651,-87.598746,407
RLE_SB,41.664961,-87.598625,408
RLE_SB,41.664821,-87.598505,409
RLE_SB,41.664681,-87.598384,410
RLE_SB,41.664523,-87.598247,411
RLE_SB,41.664365,-87.59811,412
RLE_SB,41.664207,-87.597973,413
RLE_SB,41.664049,-87.597836,414
RLE_SB,41.663891,-87.597699,415
RLE_SB,41.66374,-87.597567,416
RLE_SB,41.663588,-87.597435,417
RLE_SB,41.663437,-87.597304,418
RLE_SB,41.663286,-87.597172,419
RLE_SB,41.663134,-87.59704,420
RLE_SB,41.662983,-87.596908,421
RLE_SB,41.662847,-87.59679,422
RLE_SB,41.66271,-87.596673,423
RLE_SB,41.662574,-87.596555,424
RLE_SB,41.662438,-87.596437,425
RLE_SB,41.662301,-87.59632,426
RLE_SB,41.662165,-87.596202,427
RLE_SB,41.662025,-87.596083,428
RLE_SB,41.661886,-87.595964,429
RLE_SB,41.661746,-87.595845,430
RLE_SB,41.661607,-87.595726,431
RLE_SB,41.661467,-87.595607,432
RLE_SB,41.661318,-87.595478,433
RLE_SB,41.66117,-87.595348,434
RLE_SB,41.661021,-87.595219,435
RLE_SB,41.660873,-87.595089,436
RLE_SB,41.660724,-87.59496,437
RLE_SB,41.660483,-87.594744,438
RLE_SB,41.660285,-87.594559,439
RLE_SB,41.660094,-87.594367,440
RLE_SB,41.65988,-87.594129,441
RLE_SB,41.659743,-87.593971,442
RLE_SB,41.659593,-87.593778,443
RLE_SB,41.65944,-87.59356,444
RLE_SB,41.659289,-87.593335,445
RLE_SB,41.659117,-87.593055,446
RLE_SB,41.658948,-87.592741,447
RLE_SB,41.658786,-87.592408,448
RLE_SB,41.658673,-87.592144,449
RLE_SB,41.658551,-87.591825,450
RLE_SB,41.6585,-87.5918,451
