shape_id,shape_pt_lat,shape_pt_lon,shape_pt_sequence
X1_NB,41.726647,-87.547774,1
X1_NB,41.737792,-87.548332,2
X1_NB,41.74013,-87.548976,3
X1_NB,41.742531,-87.551165,4
X1_NB,41.743364,-87.551465,5
X1_NB,41.746053,-87.551551,6
X1_NB,41.750952,-87.55168,7
X1_NB,41.752233,-87.552538,8
X1_NB,41.758572,-87.559404,9
X1_NB,41.765102,-87.565627,10
X1_NB,41.766126,-87.566528,11
X1_NB,41.766222,-87.567558,12
X1_NB,41.766126,-87.575884,13
X1_NB,41.766062,-87.586913,14
X1_NB,41.766126,-87.589917,15
X1_NB,41.766542,-87.591162,16
X1_NB,41.767343,-87.59202,17
X1_NB,41.768367,-87.592406,18
X1_NB,41.770256,-87.592707,19
X1_NB,41.780241,-87.590475,20
X1_NB,41.788049,-87.58863,21
X1_NB,41.79336,-87.587643,22
X1_NB,41.797328,-87.586827,23
X1_NB,41.800015,-87.586784,24
X1_NB,41.802671,-87.587428,25
X1_NB,41.805902,-87.588587,26
X1_NB,41.80974,-87.591333,27
X1_NB,41.824736,-87.602285,28
X1_NB,41.833918,-87.608886,29
X1_NB,41.844182,-87.61322,30
X1_NB,41.851534,-87.61631,31
X1_NB,41.858502,-87.618198,32
X1_NB,41.863969,-87.620066,33
X1_NB,41.865248,-87.620098,34
X1_NB,41.866398,-87.620222,35
X1_NB,41.867239,-87.620678,36
X1_NB,41.867623,-87.621214,37
X1_NB,41.867719,-87.62189,38
X1_NB,41.867671,-87.622341,39
X1_NB,41.867583,-87.622813,40
X1_NB,41.867487,-87.623381,41
X1_NB,41.867463,-87.623939,42
X1_NB,41.867433,-87.627466,43
X1_NB,41.867255,-87.63897,44
X1_NB,41.867287,-87.639314,45
X1_NB,41.867359,-87.639636,46
X1_NB,41.867471,-87.639882,47
X1_NB,41.867599,-87.640097,48
X1_NB,41.867759,-87.640322,49
X1_NB,41.867926,-87.640505,50
X1_NB,41.868102,-87.640612,51
X1_NB,41.868318,-87.640666,52
X1_NB,41.868573,-87.64073,53
X1_NB,41.86978,-87.640785,54
X1_NB,41.877742,-87.641044,55
X1_NB,41.884432,-87.641273,56
X1_NB,41.888957,-87.641394,57
X1_NB,41.890518,-87.642038,58
X1_NB,41.894399,-87.645987,59
X1_NB,41.895693,-87.647316,60
X1_NB,41.896827,-87.648754,61
X1_NB,41.897434,-87.650192,62
X1_NB,41.898248,-87.652831,63
X1_NB,41.899083,-87.65665,64
X1_NB,41.900265,-87.658753,65
X1_NB,41.901606,-87.659869,66
X1_NB,41.903426,-87.660335,67
X1_NB,41.905727,-87.66047,68
X1_NB,41.907036,-87.660985,69
X1_NB,41.910198,-87.663774,70
X1_NB,41.917096,-87.668152,71
X1_NB,41.927889,-87.672787,72
X1_NB,41.930922,-87.673345,73
X1_NB,41.946957,-87.673744,74
X1_NB,41.968808,-87.674332,75
X1_NB,41.991487,-87.675032,76
X1_NB,42.008999,-87.675533,77
X1_NB,42.015663,-87.676005,78
X1_NB,42.019245,-87.676962,79
X1_NB,42.033421,-87.680254,80
X1_NB,42.044576,-87.682786,81
X1_NB,42.047763,-87.684631,82
X1_NB,42.064332,-87.698193,83
X1_NB,42.077266,-87.709265,84
X1_NB,42.086376,-87.716689,85
X1_NB,42.094497,-87.723813,86
X1_NB,42.105228,-87.732868,87
X1_NB,42.118058,-87.743468,88
X1_NB,42.135691,-87.758145,89
X1_NB,42.152842,-87.772565,90
X1_NB,42.158123,-87.777071,91
X1_NB,42.165153,-87.782736,92
X1_NB,42.179497,-87.795052,93
X1_NB,42.183282,-87.797413,94
X1_SB,42.183282,-87.797413,1
X1_SB,42.179497,-87.795052,2
X1_SB,42.165153,-87.782736,3
X1_SB,42.158123,-87.777071,4
X1_SB,42.152842,-87.772565,5
X1_SB,42.135691,-87.758145,6
X1_SB,42.118058,-87.743468,7
X1_SB,42.105228,-87.732868,8
X1_SB,42.094497,-87.723813,9
X1_SB,42.086376,-87.716689,10
X1_SB,42.077266,-87.709265,11
X1_SB,42.064332,-87.698193,12
X1_SB,42.047763,-87.684631,13
X1_SB,42.044576,-87.682786,14
X1_SB,42.033421,-87.680254,15
X1_SB,42.019245,-87.676962,16
X1_SB,42.015663,-87.676005,17
X1_SB,42.008999,-87.675533,18
X1_SB,41.991487,-87.675032,19
X1_SB,41.968808,-87.674332,20
X1_SB,41.946957,-87.673744,21
X1_SB,41.930922,-87.673345,22
X1_SB,41.927889,-87.672787,23
X1_SB,41.917096,-87.668152,24
X1_SB,41.910198,-87.663774,25
X1_SB,41.907036,-87.660985,26
X1_SB,41.905727,-87.66047,27
X1_SB,41.903426,-87.660335,28
X1_SB,41.901606,-87.659869,29
X1_SB,41.900265,-87.658753,30
X1_SB,41.899083,-87.65665,31
X1_SB,41.898248,-87.652831,32
X1_SB,41.897434,-87.650192,33
X1_SB,41.896827,-87.648754,34
X1_SB,41.895693,-87.647316,35
X1_SB,41.894399,-87.645987,36
X1_SB,41.890518,-87.642038,37
X1_SB,41.888957,-87.641394,38
X1_SB,41.884432,-87.641273,39
X1_SB,41.877742,-87.641044,40
X1_SB,41.86978,-87.640785,41
X1_SB,41.868573,-87.64073,42
X1_SB,41.868318,-87.640666,43
X1_SB,41.868102,-87.640612,44
X1_SB,41.867926,-87.640505,45
X1_SB,41.867759,-87.640322,46
X1_SB,41.867599,-87.640097,47
X1_SB,41.867471,-87.639882,48
X1_SB,41.867359,-87.639636,49
X1_SB,41.867287,-87.639314,50
X1_SB,41.867255,-87.63897,51
X1_SB,41.867433,-87.627466,52
X1_SB,41.867463,-87.623939,53
X1_SB,41.867487,-87.623381,54
X1_SB,41.867583,-87.622813,55
X1_SB,41.867671,-87.622341,56
X1_SB,41.867719,-87.62189,57
X1_SB,41.867623,-87.621214,58
X1_SB,41.867239,-87.620678,59
X1_SB,41.866398,-87.620222,60
X1_SB,41.865248,-87.620098,61
X1_SB,41.863969,-87.620066,62
X1_SB,41.858502,-87.618198,63
X1_SB,41.851534,-87.61631,64
X1_SB,41.844182,-87.61322,65
X1_SB,41.833918,-87.608886,66
X1_SB,41.824736,-87.602285,67
X1_SB,41.80974,-87.591333,68
X1_SB,41.805902,-87.588587,69
X1_SB,41.802671,-87.587428,70
X1_SB,41.800015,-87.586784,71
X1_SB,41.797328,-87.586827,72
X1_SB,41.79336,-87.587643,73
X1_SB,41.788049,-87.58863,74
X1_SB,41.780241,-87.590475,75
X1_SB,41.770256,-87.592707,76
X1_SB,41.768367,-87.592406,77
X1_SB,41.767343,-87.59202,78
X1_SB,41.766542,-87.591162,79
X1_SB,41.766126,-87.589917,80
X1_SB,41.766062,-87.586913,81
X1_SB,41.766126,-87.575884,82
X1_SB,41.766222,-87.567558,83
X1_SB,41.766126,-87.566528,84
X1_SB,41.765102,-87.565627,85
X1_SB,41.758572,-87.559404,86
X1_SB,41.752233,-87.552538,87
X1_SB,41.750952,-87.55168,88
X1_SB,41.746053,-87.551551,89
X1_SB,41.743364,-87.551465,90
X1_SB,41.742531,-87.551165,91
X1_SB,41.74013,-87.548976,92
X1_SB,41.737792,-87.548332,93
X1_SB,41.726647,-87.547774,94
X2_NB,41.726647,-87.547774,1
X2_NB,41.737792,-87.548332,2
X2_NB,41.74013,-87.548976,3
X2_NB,41.742531,-87.551165,4
X2_NB,41.743364,-87.551465,5
X2_NB,41.745349,-87.551508,6
X2_NB,41.750952,-87.55168,7
X2_NB,41.752233,-87.552538,8
X2_NB,41.758572,-87.559404,9
X2_NB,41.765102,-87.565627,10
X2_NB,41.766126,-87.566528,11
X2_NB,41.766222,-87.567558,12
X2_NB,41.766126,-87.575884,13
X2_NB,41.766062,-87.586913,14
X2_NB,41.766126,-87.589917,15
X2_NB,41.766542,-87.591162,16
X2_NB,41.767343,-87.59202,17
X2_NB,41.768367,-87.592406,18
X2_NB,41.770256,-87.592707,19
X2_NB,41.773259,-87.592034,20
X2_NB,41.780241,-87.590475,21
X2_NB,41.788049,-87.58863,22
X2_NB,41.79336,-87.587643,23
X2_NB,41.797328,-87.586827,24
X2_NB,41.800015,-87.586784,25
X2_NB,41.802671,-87.587428,26
X2_NB,41.805902,-87.588587,27
X2_NB,41.80974,-87.591333,28
X2_NB,41.824736,-87.602285,29
X2_NB,41.833918,-87.608886,30
X2_NB,41.844182,-87.61322,31
X2_NB,41.851534,-87.61631,32
X2_NB,41.858502,-87.618198,33
X2_NB,41.863969,-87.620066,34
X2_NB,41.866105,-87.620174,35
X2_NB,41.866398,-87.620222,36
X2_NB,41.866928,-87.62042,37
X2_NB,41.867239,-87.620678,38
X2_NB,41.867471,-87.620946,39
X2_NB,41.867623,-87.621214,40
X2_NB,41.867711,-87.621547,41
X2_NB,41.867719,-87.62189,42
X2_NB,41.867671,-87.622341,43
X2_NB,41.867583,-87.622813,44
X2_NB,41.867487,-87.623381,45
X2_NB,41.867463,-87.623939,46
X2_NB,41.867433,-87.627466,47
X2_NB,41.867255,-87.63897,48
X2_NB,41.867287,-87.639314,49
X2_NB,41.867359,-87.639636,50
X2_NB,41.867471,-87.639882,51
X2_NB,41.867599,-87.640097,52
X2_NB,41.867759,-87.640322,53
X2_NB,41.867926,-87.640505,54
X2_NB,41.868102,-87.640612,55
X2_NB,41.868318,-87.640666,56
X2_NB,41.868573,-87.64073,57
X2_NB,41.86978,-87.640785,58
X2_NB,41.877742,-87.641044,59
X2_NB,41.884432,-87.641273,60
X2_NB,41.888957,-87.641394,61
X2_NB,41.890518,-87.642038,62
X2_NB,41.894399,-87.645987,63
X2_NB,41.895693,-87.647316,64
X2_NB,41.896827,-87.648754,65
X2_NB,41.897434,-87.650192,66
X2_NB,41.898248,-87.652831,67
X2_NB,41.899083,-87.65665,68
X2_NB,41.900265,-87.658753,69
X2_NB,41.901606,-87.659869,70
X2_NB,41.903426,-87.660335,71
X2_NB,41.905727,-87.66047,72
X2_NB,41.907036,-87.660985,73
X2_NB,41.908122,-87.661886,74
X2_NB,41.910198,-87.663774,75
X2_NB,41.917096,-87.668152,76
X2_NB,41.918757,-87.670469,77
X2_NB,41.928346,-87.68772,78
X2_NB,41.939571,-87.707253,79
X2_NB,41.952533,-87.730122,80
X2_NB,41.960616,-87.744389,81
X2_NB,41.971712,-87.76351,82
X2_NB,41.979783,-87.778058,83
X2_NB,41.991586,-87.798872,84
X2_NB,42.002558,-87.818012,85
X2_NB,42.010275,-87.831616,86
X2_NB,42.024144,-87.856207,87
X2_NB,42.040943,-87.886505,88
X2_NB,42.045835,-87.897384,89
X2_NB,42.052479,-87.912254,90
X2_NB,42.063026,-87.936072,91
X2_NB,42.084306,-87.98358,92
X2_NB,42.095261,-88.009114,93
X2_NB,42.11306,-88.048253,94
X2_SB,42.11306,-88.048253,1
X2_SB,42.095261,-88.009114,2
X2_SB,42.084306,-87.98358,3
X2_SB,42.063026,-87.936072,4
X2_SB,42.052479,-87.912254,5
X2_SB,42.045835,-87.897384,6
X2_SB,42.040943,-87.886505,7
X2_SB,42.024144,-87.856207,8
X2_SB,42.010275,-87.831616,9
X2_SB,42.002558,-87.818012,10
X2_SB,41.991586,-87.798872,11
X2_SB,41.979783,-87.778058,12
X2_SB,41.971712,-87.76351,13
X2_SB,41.960616,-87.744389,14
X2_SB,41.952533,-87.730122,15
X2_SB,41.939571,-87.707253,16
X2_SB,41.928346,-87.68772,17
X2_SB,41.918757,-87.670469,18
X2_SB,41.917096,-87.668152,19
X2_SB,41.910198,-87.663774,20
X2_SB,41.908122,-87.661886,21
X2_SB,41.907036,-87.660985,22
X2_SB,41.905727,-87.66047,23
X2_SB,41.903426,-87.660335,24
X2_SB,41.901606,-87.659869,25
X2_SB,41.900265,-87.658753,26
X2_SB,41.899083,-87.65665,27
X2_SB,41.898248,-87.652831,28
X2_SB,41.897434,-87.650192,29
X2_SB,41.896827,-87.648754,30
X2_SB,41.895693,-87.647316,31
X2_SB,41.894399,-87.645987,32
X2_SB,41.890518,-87.642038,33
X2_SB,41.888957,-87.641394,34
X2_SB,41.884432,-87.641273,35
X2_SB,41.877742,-87.641044,36
X2_SB,41.86978,-87.640785,37
X2_SB,41.868573,-87.64073,38
X2_SB,41.868318,-87.640666,39
X2_SB,41.868102,-87.640612,40
X2_SB,41.867926,-87.640505,41
X2_SB,41.867759,-87.640322,42
X2_SB,41.867599,-87.640097,43
X2_SB,41.867471,-87.639882,44
X2_SB,41.867359,-87.639636,45
X2_SB,41.867287,-87.639314,46
X2_SB,41.867255,-87.63897,47
X2_SB,41.867433,-87.627466,48
X2_SB,41.867463,-87.623939,49
X2_SB,41.867487,-87.623381,50
X2_SB,41.867583,-87.622813,51
X2_SB,41.867671,-87.622341,52
X2_SB,41.867719,-87.62189,53
X2_SB,41.867711,-87.621547,54
X2_SB,41.867623,-87.621214,55
X2_SB,41.867471,-87.620946,56
X2_SB,41.867239,-87.620678,57
X2_SB,41.866928,-87.62042,58
X2_SB,41.866398,-87.620222,59
X2_SB,41.866105,-87.620174,60
X2_SB,41.863969,-87.620066,61
X2_SB,41.858502,-87.618198,62
X2_SB,41.851534,-87.61631,63
X2_SB,41.844182,-87.61322,64
X2_SB,41.833918,-87.608886,65
X2_SB,41.824736,-87.602285,66
X2_SB,41.80974,-87.591333,67
X2_SB,41.805902,-87.588587,68
X2_SB,41.802671,-87.587428,69
X2_SB,41.800015,-87.586784,70
X2_SB,41.797328,-87.586827,71
X2_SB,41.79336,-87.587643,72
X2_SB,41.788049,-87.58863,73
X2_SB,41.780241,-87.590475,74
X2_SB,41.773259,-87.592034,75
X2_SB,41.770256,-87.592707,76
X2_SB,41.768367,-87.592406,77
X2_SB,41.767343,-87.59202,78
X2_SB,41.766542,-87.591162,79
X2_SB,41.766126,-87.589917,80
X2_SB,41.766062,-87.586913,81
X2_SB,41.766126,-87.575884,82
X2_SB,41.766222,-87.567558,83
X2_SB,41.766126,-87.566528,84
X2_SB,41.765102,-87.565627,85
X2_SB,41.758572,-87.559404,86
X2_SB,41.752233,-87.552538,87
X2_SB,41.750952,-87.55168,88
X2_SB,41.745349,-87.551508,89
X2_SB,41.743364,-87.551465,90
X2_SB,41.742531,-87.551165,91
X2_SB,41.74013,-87.548976,92
X2_SB,41.737792,-87.548332,93
X2_SB,41.726647,-87.547774,94
X3_NB,41.609827,-87.643175,1
X3_NB,41.622533,-87.636051,2
X3_NB,41.633343,-87.6303,3
X3_NB,41.646589,-87.623305,4
X3_NB,41.652297,-87.620044,5
X3_NB,41.655856,-87.618842,6
X3_NB,41.659414,-87.617934,7
X3_NB,41.678301,-87.613652,8
X3_NB,41.685957,-87.61219,9
X3_NB,41.692751,-87.610474,10
X3_NB,41.699673,-87.608929,11
X3_NB,41.706914,-87.607169,12
X3_NB,41.72149,-87.603865,13
X3_NB,41.729465,-87.602148,14
X3_NB,41.737184,-87.60026,15
X3_NB,41.74426,-87.598715,16
X3_NB,41.750856,-87.597213,17
X3_NB,41.758828,-87.595324,18
X3_NB,41.773259,-87.592034,19
X3_NB,41.780241,-87.590475,20
X3_NB,41.788049,-87.58863,21
X3_NB,41.79336,-87.587643,22
X3_NB,41.797328,-87.586827,23
X3_NB,41.800015,-87.586784,24
X3_NB,41.802671,-87.587428,25
X3_NB,41.805902,-87.588587,26
X3_NB,41.80974,-87.591333,27
X3_NB,41.824736,-87.602285,28
X3_NB,41.833918,-87.608886,29
X3_NB,41.844182,-87.61322,30
X3_NB,41.851534,-87.61631,31
X3_NB,41.858502,-87.618198,32
X3_NB,41.863969,-87.620066,33
X3_NB,41.865248,-87.620098,34
X3_NB,41.866105,-87.620174,35
X3_NB,41.866584,-87.620281,36
X3_NB,41.866928,-87.62042,37
X3_NB,41.867239,-87.620678,38
X3_NB,41.867471,-87.620946,39
X3_NB,41.867623,-87.621214,40
X3_NB,41.867711,-87.621547,41
X3_NB,41.867719,-87.62189,42
X3_NB,41.867671,-87.622341,43
X3_NB,41.867583,-87.622813,44
X3_NB,41.867487,-87.623381,45
X3_NB,41.867433,-87.627466,46
X3_NB,41.867255,-87.63897,47
X3_NB,41.867287,-87.639314,48
X3_NB,41.867471,-87.639882,49
X3_NB,41.867759,-87.640322,50
X3_NB,41.868102,-87.640612,51
X3_NB,41.868573,-87.64073,52
X3_NB,41.86978,-87.640785,53
X3_NB,41.87525,-87.641001,54
X3_NB,41.877742,-87.641044,55
X3_NB,41.884432,-87.641273,56
X3_NB,41.888957,-87.641394,57
X3_NB,41.890518,-87.642038,58
X3_NB,41.894247,-87.645837,59
X3_NB,41.895693,-87.647316,60
X3_NB,41.896827,-87.648754,61
X3_NB,41.897434,-87.650192,62
X3_NB,41.898248,-87.652831,63
X3_NB,41.899083,-87.65665,64
X3_NB,41.900265,-87.658753,65
X3_NB,41.901606,-87.659869,66
X3_NB,41.903044,-87.660298,67
X3_NB,41.905727,-87.66047,68
X3_NB,41.907036,-87.660985,69
X3_NB,41.910198,-87.663774,70
X3_NB,41.917096,-87.668152,71
X3_NB,41.918757,-87.670469,72
X3_NB,41.928346,-87.68772,73
X3_NB,41.939571,-87.707253,74
X3_NB,41.952533,-87.730122,75
X3_NB,41.971153,-87.762392,76
X3_NB,41.979783,-87.778058,77
X3_NB,41.991586,-87.798872,78
X3_NB,42.002558,-87.818012,79
X3_NB,42.010275,-87.831616,80
X3_NB,42.024144,-87.856207,81
X3_NB,42.040943,-87.886505,82
X3_NB,42.040943,-87.886505,83
X3_NB,42.045835,-87.897384,84
X3_NB,42.052479,-87.912254,85
X3_NB,42.063026,-87.936072,86
X3_NB,42.084306,-87.98358,87
X3_NB,42.095261,-88.009114,88
X3_SB,42.095261,-88.009114,1
X3_SB,42.084306,-87.98358,2
X3_SB,42.063026,-87.936072,3
X3_SB,42.052479,-87.912254,4
X3_SB,42.045835,-87.897384,5
X3_SB,42.040943,-87.886505,6
X3_SB,42.040943,-87.886505,7
X3_SB,42.024144,-87.856207,8
X3_SB,42.010275,-87.831616,9
X3_SB,42.002558,-87.818012,10
X3_SB,41.991586,-87.798872,11
X3_SB,41.979783,-87.778058,12
X3_SB,41.971153,-87.762392,13
X3_SB,41.952533,-87.730122,14
X3_SB,41.939571,-87.707253,15
X3_SB,41.928346,-87.68772,16
X3_SB,41.918757,-87.670469,17
X3_SB,41.917096,-87.668152,18
X3_SB,41.910198,-87.663774,19
X3_SB,41.907036,-87.660985,20
X3_SB,41.905727,-87.66047,21
X3_SB,41.903044,-87.660298,22
X3_SB,41.901606,-87.659869,23
X3_SB,41.900265,-87.658753,24
X3_SB,41.899083,-87.65665,25
X3_SB,41.898248,-87.652831,26
X3_SB,41.897434,-87.650192,27
X3_SB,41.896827,-87.648754,28
X3_SB,41.895693,-87.647316,29
X3_SB,41.894247,-87.645837,30
X3_SB,41.890518,-87.642038,31
X3_SB,41.888957,-87.641394,32
X3_SB,41.884432,-87.641273,33
X3_SB,41.877742,-87.641044,34
X3_SB,41.87525,-87.641001,35
X3_SB,41.86978,-87.640785,36
X3_SB,41.868573,-87.64073,37
X3_SB,41.868102,-87.640612,38
X3_SB,41.867759,-87.640322,39
X3_SB,41.867471,-87.639882,40
X3_SB,41.867287,-87.639314,41
X3_SB,41.867255,-87.63897,42
X3_SB,41.867433,-87.627466,43
X3_SB,41.867487,-87.623381,44
X3_SB,41.867583,-87.622813,45
X3_SB,41.867671,-87.622341,46
X3_SB,41.867719,-87.62189,47
X3_SB,41.867711,-87.621547,48
X3_SB,41.867623,-87.621214,49
X3_SB,41.867471,-87.620946,50
X3_SB,41.867239,-87.620678,51
X3_SB,41.866928,-87.62042,52
X3_SB,41.866584,-87.620281,53
X3_SB,41.866105,-87.620174,54
X3_SB,41.865248,-87.620098,55
X3_SB,41.863969,-87.620066,56
X3_SB,41.858502,-87.618198,57
X3_SB,41.851534,-87.61631,58
X3_SB,41.844182,-87.61322,59
X3_SB,41.833918,-87.608886,60
X3_SB,41.824736,-87.602285,61
X3_SB,41.80974,-87.591333,62
X3_SB,41.805902,-87.588587,63
X3_SB,41.802671,-87.587428,64
X3_SB,41.800015,-87.586784,65
X3_SB,41.797328,-87.586827,66
X3_SB,41.79336,-87.587643,67
X3_SB,41.788049,-87.58863,68
X3_SB,41.780241,-87.590475,69
X3_SB,41.773259,-87.592034,70
X3_SB,41.758828,-87.595324,71
X3_SB,41.750856,-87.597213,72
X3_SB,41.74426,-87.598715,73
X3_SB,41.737184,-87.60026,74
X3_SB,41.729465,-87.602148,75
X3_SB,41.72149,-87.603865,76
X3_SB,41.706914,-87.607169,77
X3_SB,41.699673,-87.608929,78
X3_SB,41.692751,-87.610474,79
X3_SB,41.685957,-87.61219,80
X3_SB,41.678301,-87.613652,81
X3_SB,41.659414,-87.617934,82
X3_SB,41.655856,-87.618842,83
X3_SB,41.652297,-87.620044,84
X3_SB,41.646589,-87.623305,85
X3_SB,41.633343,-87.6303,86
X3_SB,41.622533,-87.636051,87
X3_SB,41.609827,-87.643175,88
X4_NB,41.655696,-87.676735,1
X4_NB,41.656593,-87.67519,2
X4_NB,41.662204,-87.66901,3
X4_NB,41.669418,-87.660599,4
X4_NB,41.673296,-87.656178,5
X4_NB,41.673938,-87.654162,6
X4_NB,41.67413,-87.65193,7
X4_NB,41.674098,-87.642145,8
X4_NB,41.674482,-87.631674,9
X4_NB,41.674418,-87.621932,10
X4_NB,41.674418,-87.617726,11
X4_NB,41.674675,-87.615795,12
X4_NB,41.676053,-87.614379,13
X4_NB,41.685957,-87.61219,14
X4_NB,41.692751,-87.610474,15
X4_NB,41.699673,-87.608929,16
X4_NB,41.706914,-87.607169,17
X4_NB,41.72149,-87.603865,18
X4_NB,41.729465,-87.602148,19
X4_NB,41.737184,-87.60026,20
X4_NB,41.74426,-87.598715,21
X4_NB,41.750856,-87.597213,22
X4_NB,41.758828,-87.595324,23
X4_NB,41.773259,-87.592034,24
X4_NB,41.780241,-87.590475,25
X4_NB,41.788049,-87.58863,26
X4_NB,41.79336,-87.587643,27
X4_NB,41.797328,-87.586827,28
X4_NB,41.800015,-87.586784,29
X4_NB,41.802671,-87.587428,30
X4_NB,41.805902,-87.588587,31
X4_NB,41.80974,-87.591333,32
X4_NB,41.824736,-87.602285,33
X4_NB,41.833918,-87.608886,34
X4_NB,41.844182,-87.61322,35
X4_NB,41.851534,-87.61631,36
X4_NB,41.858502,-87.618198,37
X4_NB,41.863969,-87.620066,38
X4_NB,41.865248,-87.620098,39
X4_NB,41.866105,-87.620174,40
X4_NB,41.866398,-87.620222,41
X4_NB,41.866584,-87.620281,42
X4_NB,41.866928,-87.62042,43
X4_NB,41.867239,-87.620678,44
X4_NB,41.867471,-87.620946,45
X4_NB,41.867623,-87.621214,46
X4_NB,41.867711,-87.621547,47
X4_NB,41.867719,-87.62189,48
X4_NB,41.867671,-87.622341,49
X4_NB,41.867583,-87.622813,50
X4_NB,41.867487,-87.623381,51
X4_NB,41.867463,-87.623939,52
X4_NB,41.867433,-87.627466,53
X4_NB,41.867383,-87.631235,54
X4_NB,41.867255,-87.63897,55
X4_NB,41.867287,-87.639314,56
X4_NB,41.867359,-87.639636,57
X4_NB,41.867471,-87.639882,58
X4_NB,41.867599,-87.640097,59
X4_NB,41.867759,-87.640322,60
X4_NB,41.867926,-87.640505,61
X4_NB,41.868102,-87.640612,62
X4_NB,41.868573,-87.64073,63
X4_NB,41.86978,-87.640785,64
X4_NB,41.87525,-87.641001,65
X4_NB,41.877742,-87.641044,66
X4_NB,41.884432,-87.641273,67
X4_NB,41.88683,-87.641334,68
X4_NB,41.888957,-87.641394,69
X4_NB,41.890518,-87.642038,70
X4_NB,41.894247,-87.645837,71
X4_NB,41.895693,-87.647316,72
X4_NB,41.896827,-87.648754,73
X4_NB,41.897434,-87.650192,74
X4_NB,41.898248,-87.652831,75
X4_NB,41.899083,-87.65665,76
X4_NB,41.900265,-87.658753,77
X4_NB,41.901606,-87.659869,78
X4_NB,41.903426,-87.660335,79
X4_NB,41.905727,-87.66047,80
X4_NB,41.907036,-87.660985,81
X4_NB,41.910198,-87.663774,82
X4_NB,41.917096,-87.668152,83
X4_NB,41.927889,-87.672787,84
X4_NB,41.930922,-87.673345,85
X4_NB,41.943859,-87.67369,86
X4_NB,41.946957,-87.673744,87
X4_NB,41.968808,-87.674332,88
X4_NB,41.991487,-87.675032,89
X4_NB,42.008999,-87.675533,90
X4_NB,42.015663,-87.676005,91
X4_NB,42.019245,-87.676962,92
X4_NB,42.033421,-87.680254,93
X4_NB,42.044576,-87.682786,94
X4_NB,42.047763,-87.684631,95
X4_NB,42.064332,-87.698193,96
X4_NB,42.077266,-87.709265,97
X4_NB,42.086376,-87.716689,98
X4_NB,42.094497,-87.723813,99
X4_NB,42.105228,-87.732868,100
X4_SB,42.105228,-87.732868,1
X4_SB,42.094497,-87.723813,2
X4_SB,42.086376,-87.716689,3
X4_SB,42.077266,-87.709265,4
X4_SB,42.064332,-87.698193,5
X4_SB,42.047763,-87.684631,6
X4_SB,42.044576,-87.682786,7
X4_SB,42.033421,-87.680254,8
X4_SB,42.019245,-87.676962,9
X4_SB,42.015663,-87.676005,10
X4_SB,42.008999,-87.675533,11
X4_SB,41.991487,-87.675032,12
X4_SB,41.968808,-87.674332,13
X4_SB,41.946957,-87.673744,14
X4_SB,41.943859,-87.67369,15
X4_SB,41.930922,-87.673345,16
X4_SB,41.927889,-87.672787,17
X4_SB,41.917096,-87.668152,18
X4_SB,41.910198,-87.663774,19
X4_SB,41.907036,-87.660985,20
X4_SB,41.905727,-87.66047,21
X4_SB,41.903426,-87.660335,22
X4_SB,41.901606,-87.659869,23
X4_SB,41.900265,-87.658753,24
X4_SB,41.899083,-87.65665,25
X4_SB,41.898248,-87.652831,26
X4_SB,41.897434,-87.650192,27
X4_SB,41.896827,-87.648754,28
X4_SB,41.895693,-87.647316,29
X4_SB,41.894247,-87.645837,30
X4_SB,41.890518,-87.642038,31
X4_SB,41.888957,-87.641394,32
X4_SB,41.88683,-87.641334,33
X4_SB,41.884432,-87.641273,34
X4_SB,41.877742,-87.641044,35
X4_SB,41.87525,-87.641001,36
X4_SB,41.86978,-87.640785,37
X4_SB,41.868573,-87.64073,38
X4_SB,41.868102,-87.640612,39
X4_SB,41.867926,-87.640505,40
X4_SB,41.867759,-87.640322,41
X4_SB,41.867599,-87.640097,42
X4_SB,41.867471,-87.639882,43
X4_SB,41.867359,-87.639636,44
X4_SB,41.867287,-87.639314,45
X4_SB,41.867255,-87.63897,46
X4_SB,41.867383,-87.631235,47
X4_SB,41.867433,-87.627466,48
X4_SB,41.867463,-87.623939,49
X4_SB,41.867487,-87.623381,50
X4_SB,41.867583,-87.622813,51
X4_SB,41.867671,-87.622341,52
X4_SB,41.867719,-87.62189,53
X4_SB,41.867711,-87.621547,54
X4_SB,41.867623,-87.621214,55
X4_SB,41.867471,-87.620946,56
X4_SB,41.867239,-87.620678,57
X4_SB,41.866928,-87.62042,58
X4_SB,41.866584,-87.620281,59
X4_SB,41.866398,-87.620222,60
X4_SB,41.866105,-87.620174,61
X4_SB,41.865248,-87.620098,62
X4_SB,41.863969,-87.620066,63
X4_SB,41.858502,-87.618198,64
X4_SB,41.851534,-87.61631,65
X4_SB,41.844182,-87.61322,66
X4_SB,41.833918,-87.608886,67
X4_SB,41.824736,-87.602285,68
X4_SB,41.80974,-87.591333,69
X4_SB,41.805902,-87.588587,70
X4_SB,41.802671,-87.587428,71
X4_SB,41.800015,-87.586784,72
X4_SB,41.797328,-87.586827,73
X4_SB,41.79336,-87.587643,74
X4_SB,41.788049,-87.58863,75
X4_SB,41.780241,-87.590475,76
X4_SB,41.773259,-87.592034,77
X4_SB,41.758828,-87.595324,78
X4_SB,41.750856,-87.597213,79
X4_SB,41.74426,-87.598715,80
X4_SB,41.737184,-87.60026,81
X4_SB,41.729465,-87.602148,82
X4_SB,41.72149,-87.603865,83
X4_SB,41.706914,-87.607169,84
X4_SB,41.699673,-87.608929,85
X4_SB,41.692751,-87.610474,86
X4_SB,41.685957,-87.61219,87
X4_SB,41.676053,-87.614379,88
X4_SB,41.674675,-87.615795,89
X4_SB,41.674418,-87.617726,90
X4_SB,41.674418,-87.621932,91
X4_SB,41.674482,-87.631674,92
X4_SB,41.674098,-87.642145,93
X4_SB,41.67413,-87.65193,94
X4_SB,41.673938,-87.654162,95
X4_SB,41.673296,-87.656178,96
X4_SB,41.669418,-87.660599,97
X4_SB,41.662204,-87.66901,98
X4_SB,41.656593,-87.67519,99
X4_SB,41.655696,-87.676735,100
X5_NB,41.795312,-88.009758,1
X5_NB,41.795344,-87.993579,2
X5_NB,41.79544,-87.976413,3
X5_NB,41.79565,-87.962493,4
X5_NB,41.795906,-87.958545,5
X5_NB,41.797072,-87.953539,6
X5_NB,41.799088,-87.945385,7
X5_NB,41.802798,-87.928348,8
X5_NB,41.805054,-87.918498,9
X5_NB,41.80894,-87.901182,10
X5_NB,41.814186,-87.878351,11
X5_NB,41.815786,-87.87097,12
X5_NB,41.819016,-87.857623,13
X5_NB,41.82199,-87.843118,14
X5_NB,41.824453,-87.833805,15
X5_NB,41.827139,-87.820072,16
X5_NB,41.831328,-87.801919,17
X5_NB,41.833087,-87.793679,18
X5_NB,41.833666,-87.791113,19
X5_NB,41.835485,-87.78338,20
X5_NB,41.838139,-87.77338,21
X5_NB,41.84084,-87.76572,22
X5_NB,41.842775,-87.757416,23
X5_NB,41.84335,-87.754026,24
X5_NB,41.844118,-87.745571,25
X5_NB,41.857608,-87.685747,26
X5_NB,41.85895,-87.680984,27
X5_NB,41.859573,-87.676585,28
X5_NB,41.859893,-87.673173,29
X5_NB,41.86042,-87.647038,30
X5_NB,41.860589,-87.643665,31
X5_NB,41.860716,-87.639038,32
X5_NB,41.86088,-87.637109,33
X5_NB,41.860896,-87.636708,34
X5_NB,41.86096,-87.636372,35
X5_NB,41.861056,-87.63598,36
X5_NB,41.861351,-87.635594,37
X5_NB,41.861687,-87.635358,38
X5_NB,41.862039,-87.635208,39
X5_NB,41.862382,-87.635133,40
X5_NB,41.866801,-87.635374,41
X5_NB,41.867767,-87.63568,42
X5_NB,41.868454,-87.636291,43
X5_NB,41.86911,-87.636935,44
X5_NB,41.869765,-87.637278,45
X5_NB,41.870612,-87.637493,46
X5_NB,41.87181,-87.637686,47
X5_NB,41.874594,-87.637811,48
X5_NB,41.87731,-87.638304,49
X5_NB,41.879163,-87.638734,50
X5_NB,41.880757,-87.638952,51
X5_NB,41.882255,-87.638977,52
X5_NB,41.883569,-87.638974,53
X5_NB,41.884483,-87.638969,54
X5_NB,41.885761,-87.639012,55
X5_NB,41.886672,-87.639334,56
X5_NB,41.887598,-87.639956,57
X5_NB,41.887998,-87.64075,58
X5_NB,41.887998,-87.647102,59
X5_NB,41.888493,-87.651286,60
X5_NB,41.888413,-87.65708,61
X5_NB,41.888732,-87.663474,62
X5_NB,41.888732,-87.665663,63
X5_NB,41.888477,-87.686691,64
X5_NB,41.888988,-87.68815,65
X5_NB,41.896256,-87.705638,66
X5_NB,41.898022,-87.708429,67
X5_NB,41.898732,-87.709651,68
X5_NB,41.900904,-87.712462,69
X5_NB,41.904689,-87.716432,70
X5_NB,41.908154,-87.719092,71
X5_NB,41.909009,-87.719629,72
X5_NB,41.91213,-87.721388,73
X5_NB,41.912929,-87.721925,74
X5_NB,41.913392,-87.722611,75
X5_NB,41.913567,-87.72347,76
X5_NB,41.913543,-87.730712,77
X5_NB,41.913487,-87.737052,78
X5_NB,41.914446,-87.746086,79
X5_NB,41.916617,-87.764132,80
X5_NB,41.916585,-87.766986,81
X5_NB,41.916394,-87.785869,82
X5_NB,41.916761,-87.787564,83
X5_NB,41.919076,-87.794452,84
X5_NB,41.921662,-87.801704,85
X5_NB,41.923259,-87.806146,86
X5_NB,41.923579,-87.807705,87
X5_NB,41.92476,-87.814794,88
X5_NB,41.925622,-87.817712,89
X5_NB,41.926453,-87.820065,90
X5_NB,41.926771,-87.821188,91
X5_NB,41.930986,-87.83608,92
X5_NB,41.932869,-87.843504,93
X5_NB,41.933061,-87.845242,94
X5_NB,41.933407,-87.84965,95
X5_NB,41.933716,-87.855284,96
X5_NB,41.933971,-87.857087,97
X5_NB,41.93453,-87.858353,98
X5_NB,41.935551,-87.859254,99
X5_NB,41.93769,-87.860026,100
X5_NB,41.954224,-87.865906,101
X5_NB,41.956809,-87.867451,102
X5_NB,41.960368,-87.86979,103
X5_NB,41.962234,-87.870369,104
X5_NB,41.965808,-87.87082,105
X5_NB,41.967914,-87.87127,106
X5_NB,41.976019,-87.873759,107
X5_NB,41.994935,-87.880497,108
X5_SB,41.994935,-87.880497,1
X5_SB,41.976019,-87.873759,2
X5_SB,41.967914,-87.87127,3
X5_SB,41.965808,-87.87082,4
X5_SB,41.962234,-87.870369,5
X5_SB,41.960368,-87.86979,6
X5_SB,41.956809,-87.867451,7
X5_SB,41.954224,-87.865906,8
X5_SB,41.93769,-87.860026,9
X5_SB,41.935551,-87.859254,10
X5_SB,41.93453,-87.858353,11
X5_SB,41.933971,-87.857087,12
X5_SB,41.933716,-87.855284,13
X5_SB,41.933407,-87.84965,14
X5_SB,41.933061,-87.845242,15
X5_SB,41.932869,-87.843504,16
X5_SB,41.930986,-87.83608,17
X5_SB,41.926771,-87.821188,18
X5_SB,41.926453,-87.820065,19
X5_SB,41.925622,-87.817712,20
X5_SB,41.92476,-87.814794,21
X5_SB,41.923579,-87.807705,22
X5_SB,41.923259,-87.806146,23
X5_SB,41.921662,-87.801704,24
X5_SB,41.919076,-87.794452,25
X5_SB,41.916761,-87.787564,26
X5_SB,41.916394,-87.785869,27
X5_SB,41.916585,-87.766986,28
X5_SB,41.916617,-87.764132,29
X5_SB,41.914446,-87.746086,30
X5_SB,41.913487,-87.737052,31
X5_SB,41.913543,-87.730712,32
X5_SB,41.913567,-87.72347,33
X5_SB,41.913392,-87.722611,34
X5_SB,41.912929,-87.721925,35
X5_SB,41.91213,-87.721388,36
X5_SB,41.909009,-87.719629,37
X5_SB,41.908154,-87.719092,38
X5_SB,41.904689,-87.716432,39
X5_SB,41.900904,-87.712462,40
X5_SB,41.898732,-87.709651,41
X5_SB,41.898022,-87.708429,42
X5_SB,41.896256,-87.705638,43
X5_SB,41.888988,-87.68815,44
X5_SB,41.888477,-87.686691,45
X5_SB,41.888732,-87.665663,46
X5_SB,41.888732,-87.663474,47
X5_SB,41.888413,-87.65708,48
X5_SB,41.888493,-87.651286,49
X5_SB,41.887998,-87.647102,50
X5_SB,41.887998,-87.64075,51
X5_SB,41.887598,-87.639956,52
X5_SB,41.886672,-87.639334,53
X5_SB,41.885761,-87.639012,54
X5_SB,41.884483,-87.638969,55
X5_SB,41.883569,-87.638974,56
X5_SB,41.882255,-87.638977,57
X5_SB,41.880757,-87.638952,58
X5_SB,41.879163,-87.638734,59
X5_SB,41.87731,-87.638304,60
X5_SB,41.874594,-87.637811,61
X5_SB,41.87181,-87.637686,62
X5_SB,41.870612,-87.637493,63
X5_SB,41.869765,-87.637278,64
X5_SB,41.86911,-87.636935,65
X5_SB,41.868454,-87.636291,66
X5_SB,41.867767,-87.63568,67
X5_SB,41.866801,-87.635374,68
X5_SB,41.862382,-87.635133,69
X5_SB,41.862039,-87.635208,70
X5_SB,41.861687,-87.635358,71
X5_SB,41.861351,-87.635594,72
X5_SB,41.861056,-87.63598,73
X5_SB,41.86096,-87.636372,74
X5_SB,41.860896,-87.636708,75
X5_SB,41.86088,-87.637109,76
X5_SB,41.860716,-87.639038,77
X5_SB,41.860589,-87.643665,78
X5_SB,41.86042,-87.647038,79
X5_SB,41.859893,-87.673173,80
X5_SB,41.859573,-87.676585,81
X5_SB,41.85895,-87.680984,82
X5_SB,41.857608,-87.685747,83
X5_SB,41.844118,-87.745571,84
X5_SB,41.84335,-87.754026,85
X5_SB,41.842775,-87.757416,86
X5_SB,41.84084,-87.76572,87
X5_SB,41.838139,-87.77338,88
X5_SB,41.835485,-87.78338,89
X5_SB,41.833666,-87.791113,90
X5_SB,41.833087,-87.793679,91
X5_SB,41.831328,-87.801919,92
X5_SB,41.827139,-87.820072,93
X5_SB,41.824453,-87.833805,94
X5_SB,41.82199,-87.843118,95
X5_SB,41.819016,-87.857623,96
X5_SB,41.815786,-87.87097,97
X5_SB,41.814186,-87.878351,98
X5_SB,41.80894,-87.901182,99
X5_SB,41.805054,-87.918498,100
X5_SB,41.802798,-87.928348,101
X5_SB,41.799088,-87.945385,102
X5_SB,41.797072,-87.953539,103
X5_SB,41.795906,-87.958545,104
X5_SB,41.79565,-87.962493,105
X5_SB,41.79544,-87.976413,106
X5_SB,41.795344,-87.993579,107
X5_SB,41.795312,-88.009758,108
X6_NB,41.655696,-87.676735,1
X6_NB,41.657331,-87.675962,2
X6_NB,41.662493,-87.675061,3
X6_NB,41.669995,-87.673645,4
X6_NB,41.676374,-87.672529,5
X6_NB,41.684996,-87.671671,6
X6_NB,41.692783,-87.670598,7
X6_NB,41.698904,-87.669954,8
X6_NB,41.706081,-87.668881,9
X6_NB,41.70999,-87.668388,10
X6_NB,41.712104,-87.667508,11
X6_NB,41.713578,-87.667465,12
X6_NB,41.72133,-87.667251,13
X6_NB,41.727992,-87.667294,14
X6_NB,41.729593,-87.666843,15
X6_NB,41.730906,-87.665749,16
X6_NB,41.731739,-87.664332,17
X6_NB,41.73214,-87.662659,18
X6_NB,41.732252,-87.658925,19
X6_NB,41.732332,-87.650213,20
X6_NB,41.73222,-87.64811,21
X6_NB,41.732572,-87.646887,22
X6_NB,41.733933,-87.645621,23
X6_NB,41.736351,-87.644763,24
X6_NB,41.750814,-87.639446,25
X6_NB,41.779169,-87.628627,26
X6_NB,41.781314,-87.628156,27
X6_NB,41.786989,-87.628267,28
X6_NB,41.827342,-87.629023,29
X6_NB,41.828209,-87.629055,30
X6_NB,41.828852,-87.629216,31
X6_NB,41.829466,-87.629494,32
X6_NB,41.830088,-87.630051,33
X6_NB,41.830659,-87.630822,34
X6_NB,41.831385,-87.632449,35
X6_NB,41.83218,-87.634404,36
X6_NB,41.832687,-87.635244,37
X6_NB,41.833237,-87.63585,38
X6_NB,41.833859,-87.636267,39
X6_NB,41.834542,-87.636394,40
X6_NB,41.844493,-87.636756,41
X6_NB,41.854891,-87.636952,42
X6_NB,41.861962,-87.637035,43
X6_NB,41.863144,-87.637229,44
X6_NB,41.867052,-87.637446,45
X6_NB,41.87223,-87.637747,46
X6_NB,41.874594,-87.637811,47
X6_NB,41.87731,-87.638304,48
X6_NB,41.879163,-87.638734,49
X6_NB,41.880757,-87.638952,50
X6_NB,41.882255,-87.638977,51
X6_NB,41.884483,-87.638969,52
X6_NB,41.885761,-87.639012,53
X6_NB,41.886672,-87.639334,54
X6_NB,41.887598,-87.639956,55
X6_NB,41.887998,-87.64075,56
X6_NB,41.887998,-87.647102,57
X6_NB,41.888493,-87.651286,58
X6_NB,41.888413,-87.65708,59
X6_NB,41.888732,-87.663474,60
X6_NB,41.888477,-87.686691,61
X6_NB,41.888221,-87.706518,62
X6_NB,41.887678,-87.745571,63
X6_NB,41.887071,-87.802176,64
X6_NB,41.886816,-87.823291,65
X6_NB,41.886943,-87.825007,66
X6_NB,41.888381,-87.838612,67
X6_NB,41.89033,-87.855649,68
X6_NB,41.89148,-87.866764,69
X6_NB,41.891256,-87.873759,70
X6_NB,41.891224,-87.881098,71
X6_NB,41.893908,-87.905731,72
X6_NB,41.896048,-87.915301,73
X6_NB,41.897582,-87.922125,74
X6_NB,41.899754,-87.940836,75
X6_SB,41.899754,-87.940836,1
X6_SB,41.897582,-87.922125,2
X6_SB,41.896048,-87.915301,3
X6_SB,41.893908,-87.905731,4
X6_SB,41.891224,-87.881098,5
X6_SB,41.891256,-87.873759,6
X6_SB,41.89148,-87.866764,7
X6_SB,41.89033,-87.855649,8
X6_SB,41.888381,-87.838612,9
X6_SB,41.886943,-87.825007,10
X6_SB,41.886816,-87.823291,11
X6_SB,41.887071,-87.802176,12
X6_SB,41.887678,-87.745571,13
X6_SB,41.888221,-87.706518,14
X6_SB,41.888477,-87.686691,15
X6_SB,41.888732,-87.663474,16
X6_SB,41.888413,-87.65708,17
X6_SB,41.888493,-87.651286,18
X6_SB,41.887998,-87.647102,19
X6_SB,41.887998,-87.64075,20
X6_SB,41.887598,-87.639956,21
X6_SB,41.886672,-87.639334,22
X6_SB,41.885761,-87.639012,23
X6_SB,41.884483,-87.638969,24
X6_SB,41.882255,-87.638977,25
X6_SB,41.880757,-87.638952,26
X6_SB,41.879163,-87.638734,27
X6_SB,41.87731,-87.638304,28
X6_SB,41.874594,-87.637811,29
X6_SB,41.87223,-87.637747,30
X6_SB,41.867052,-87.637446,31
X6_SB,41.863144,-87.637229,32
X6_SB,41.861962,-87.637035,33
X6_SB,41.854891,-87.636952,34
X6_SB,41.844493,-87.636756,35
X6_SB,41.834542,-87.636394,36
X6_SB,41.833859,-87.636267,37
X6_SB,41.833237,-87.63585,38
X6_SB,41.832687,-87.635244,39
X6_SB,41.83218,-87.634404,40
X6_SB,41.831385,-87.632449,41
X6_SB,41.830659,-87.630822,42
X6_SB,41.830088,-87.630051,43
X6_SB,41.829466,-87.629494,44
X6_SB,41.828852,-87.629216,45
X6_SB,41.828209,-87.629055,46
X6_SB,41.827342,-87.629023,47
X6_SB,41.786989,-87.628267,48
X6_SB,41.781314,-87.628156,49
X6_SB,41.779169,-87.628627,50
X6_SB,41.750814,-87.639446,51
X6_SB,41.736351,-87.644763,52
X6_SB,41.733933,-87.645621,53
X6_SB,41.732572,-87.646887,54
X6_SB,41.73222,-87.64811,55
X6_SB,41.732332,-87.650213,56
X6_SB,41.732252,-87.658925,57
X6_SB,41.73214,-87.662659,58
X6_SB,41.731739,-87.664332,59
X6_SB,41.730906,-87.665749,60
X6_SB,41.729593,-87.666843,61
X6_SB,41.727992,-87.667294,62
X6_SB,41.72133,-87.667251,63
X6_SB,41.713578,-87.667465,64
X6_SB,41.712104,-87.667508,65
X6_SB,41.70999,-87.668388,66
X6_SB,41.706081,-87.668881,67
X6_SB,41.698904,-87.669954,68
X6_SB,41.692783,-87.670598,69
X6_SB,41.684996,-87.671671,70
X6_SB,41.676374,-87.672529,71
X6_SB,41.669995,-87.673645,72
X6_SB,41.662493,-87.675061,73
X6_SB,41.657331,-87.675962,74
X6_SB,41.655696,-87.676735,75
